A =

   0.995813   0.438443   0.340460   0.375729   0.471884
   0.399457   0.085561   0.530025   0.351771   0.242472
   0.648080   0.886231   0.950510   0.947743   0.484992
   0.061177   0.572064   0.811057   0.136243   0.321605
   0.773554   0.283946   0.340117   0.799517   0.119569

X =

  -0.432871  -0.777414  -0.126983  -0.068751  -0.293536
  -0.301977   0.039717  -0.094259   0.777719  -0.193608
  -0.668416   0.397584   0.214972  -0.526157  -0.252219
  -0.357399   0.459252  -0.559359   0.173163   0.214483
  -0.383301  -0.158322   0.784790  -0.289136   0.875634

lambda =

Diagonal Matrix

   2.55546         0         0         0         0
         0   0.67344         0         0         0
         0         0  -0.51639         0         0
         0         0         0  -0.32015         0
         0         0         0         0  -0.10466